1 10 10 0 0
1 20 20 0 0
1 30 30 0 0
1 40 40 0 0
1 50 50 0 0
1 60 60 0 0
1 70 70 0 0
1 80 80 0 0
1 90 90 0 0
1 100 100 0 0
1 110 110 0 0
1 120 120 0 0
1 130 130 0 0
1 140 140 0 0
1 150 150 0 0
1 160 160 0 0
1 170 170 0 0
1 180 180 0 0
1 190 190 0 0
1 200 200 0 0
1 210 210 0 0
1 220 220 0 0
1 230 230 0 0
1 20 10 0 0
1 30 20 0 0
1 40 30 0 0
1 50 40 0 0
1 60 50 0 0
1 70 60 0 0
1 80 70 0 0
1 90 80 0 0
1 100 90 0 0
1 110 100 0 0
1 120 110 0 0
1 130 120 0 0
1 140 130 0 0
1 150 140 0 0
1 160 150 0 0
1 170 160 0 0
1 180 170 0 0
1 190 180 0 0
1 200 190 0 0
1 210 200 0 0
1 220 210 0 0
1 230 220 0 0
1 240 230 0 0
1 30 10 0 0
1 40 20 0 0
1 50 30 0 0
1 60 40 0 0
1 70 50 0 0
1 80 60 0 0
1 90 70 0 0
1 100 80 0 0
1 110 90 0 0
1 120 100 0 0
1 130 110 0 0
1 140 120 0 0
1 150 130 0 0
1 160 140 0 0
1 170 150 0 0
1 180 160 0 0
1 190 170 0 0
1 200 180 0 0
1 210 190 0 0
1 220 200 0 0
1 230 210 0 0
1 240 220 0 0
1 250 230 0 0
1 40 10 0 0
1 50 20 0 0
1 60 30 0 0
1 70 40 0 0
1 80 50 0 0
1 90 60 0 0
1 100 70 0 0
1 110 80 0 0
1 120 90 0 0
1 130 100 0 0
1 140 110 0 0
1 150 120 0 0
1 160 130 0 0
1 170 140 0 0
1 180 150 0 0
1 190 160 0 0
1 200 170 0 0
1 210 180 0 0
1 220 190 0 0
1 230 200 0 0
1 240 210 0 0
1 250 220 0 0
1 260 230 0 0